2 0.6265625 0.51171875 0.128125 0.17265625
2 0.89140625 0.51875 0.10546875 0.175
2 0.38125 0.521875 0.1359375 0.18203125
2 0.13203125 0.52265625 0.11171875 0.16796875
2 0.12265625 0.78203125 0.1921875 0.184375
2 0.8859375 0.7921875 0.11640625 0.17421875
2 0.38125 0.79453125 0.1328125 0.14296875
2 0.62265625 0.7984375 0.11953125 0.16875
2 0.14296875 0.234375 0.11015625 0.16171875
2 0.63515625 0.2359375 0.11796875 0.17890625
2 0.37890625 0.2375 0.134375 0.16640625
2 0.86640625 0.2390625 0.134375 0.16953125