0 0.13984375 0.41796875 0.14375 0.37109375
0 0.26953125 0.4171875 0.11484375 0.384375
0 0.3703125 0.39609375 0.10703125 0.31640625
0 0.4703125 0.3921875 0.0890625 0.29765625
0 0.55390625 0.3984375 0.1046875 0.321875
0 0.66171875 0.3828125 0.11484375 0.28984375
0 0.34140625 0.57421875 0.12265625 0.36875
0 0.45390625 0.584375 0.11796875 0.36328125
0 0.56328125 0.58046875 0.1125 0.35
0 0.66953125 0.58046875 0.09375 0.3453125
0 0.75546875 0.5765625 0.1046875 0.36328125
0 0.8625 0.584375 0.1046875 0.3578125